0
255
-128
127
-32768
32767
65535
-2147483648
2147483647
4294967295
-9223372036854775808
9223372036854775807
18446744073709551615
-3.402823e38
3.402823e38
-1.79769313486232e308
1.79769313486232e308
-32,768
32,767
65,535
-2,147,483,648
2,147,483,647
4294967295
-9,223,372,036,854,775,808
9,223,372,036,854,775,807
18,446,744,073,709,551,615
79,228,162,514,264,337,593,543,950,335
-79,228,162,514,264,337,593,543,950,335
+1.0e-28
+7.9e28
-1.0e-28
-7.9e28
1.23xyz
True
true
yes
False
false
no
0:00:00am 1/1/01
11:59:59pm 12/31/9999
10:32:00am 04/11/2019
